          x         y         z
6564   0.97  0.301168  0.531280
6565   0.97  0.296777  0.528098
6566   0.97  0.293460  0.530036
6567   0.97  0.289021  0.534298
6568   0.97  0.285561  0.526492
...     ...       ...       ...
9819   0.97  0.329275  0.527970
10116  0.97  0.299678  0.523966
10117  0.97  0.293290  0.535561
10120  0.97  0.322517  0.534262
10213  0.97  0.324440  0.534360

[376 rows x 3 columns]

0.97 0.27970742854828307 0.5296841132923424
0.97 0.3244404525588778 0.5343595295642222
0.97 0.36954026930354117 0.524894384102489
0.97 0.4209497461453425 0.5604926822611348


